2500
996 529
529 618
618 1774
1774 13
13 1297
1297 499
499 912
912 1270
1270 1366
1366 805
805 1146
1146 2324
2324 793
793 333
333 2366
2366 1918
1918 2209
2209 1330
1330 2031
2031 1564
1564 2131
2131 2173
2173 1164
1164 2058
2058 2239
2239 1614
1614 1707
1707 649
649 137
137 1218
1218 1106
1106 1492
1492 2434
2434 2146
2146 1720
1720 415
415 1125
1125 1194
1194 712
712 2054
2054 451
451 1243
1243 1031
1031 1878
1878 2206
2206 1472
1472 2063
2063 1186
1186 1468
1468 1110
1110 1767
1767 361
361 2343
2343 92
92 434
434 994
994 305
305 185
185 73
73 1629
1629 1488
1488 936
936 601
601 436
436 124
124 656
656 1282
1282 568
568 799
799 2190
2190 891
891 984
984 2490
2490 1290
1290 373
373 2374
2374 17
17 1439
1439 527
527 1705
1705 29
29 2211
2211 1383
1383 1600
1600 1989
1989 553
553 317
317 1877
1877 2027
2027 315
315 659
659 2172
2172 1145
1145 2293
2293 1467
1467 2048
2048 872
872 703
703 334
334 1681
1681 45
45 1940
1940 1524
1524 457
457 2093
2093 1030
1030 1169
1169 1758
1758 35
35 1035
1035 1562
1562 1154
1154 1516
1516 739
739 79
79 2454
2454 2110
2110 416
416 2157
2157 696
696 117
117 837
837 1092
1092 711
711 1573
1573 1937
1937 756
756 622
622 615
615 1733
1733 246
246 96
96 1089
1089 401
401 663
663 1364
1364 691
691 611
611 1568
1568 2371
2371 750
750 2437
2437 1259
1259 1096
1096 895
895 2461
2461 530
530 1794
1794 39
39 1039
1039 903
903 432
432 380
380 2119
2119 1571
1571 1012
1012 1342
1342 309
309 155
155 1960
1960 2010
2010 1866
1866 1749
1749 1469
1469 1674
1674 1359
1359 1019
1019 328
328 1505
1505 770
770 1973
1973 616
616 176
176 676
676 2390
2390 645
645 143
143 362
362 1213
1213 2025
2025 2413
2413 721
721 1022
1022 1325
1325 2269
2269 429
429 2416
2416 1158
1158 780
780 999
999 134
134 1754
1754 1357
1357 1258
1258 1434
1434 940
940 1933
1933 1730
1730 291
291 2393
2393 177
177 1591
1591 2469
2469 400
400 642
642 269
269 2396
2396 511
511 1904
1904 1671
1671 395
395 103
103 1328
1328 1992
1992 1634
1634 1166
1166 2398
2398 2456
2456 1701
1701 2392
2392 1288
1288 704
704 1821
1821 1051
1051 2346
2346 758
758 1063
1063 1834
1834 2493
2493 1734
1734 2188
2188 2338
2338 125
125 2079
2079 2351
2351 2143
2143 1245
1245 1748
1748 1034
1034 1864
1864 1390
1390 864
864 2358
2358 2176
2176 2014
2014 2382
2382 2231
2231 2154
2154 1657
1657 2453
2453 827
827 1209
1209 62
62 764
764 1168
1168 2446
2446 1709
1709 1274
1274 411
411 2169
2169 491
491 2410
2410 591
591 272
272 1251
1251 2407
2407 131
131 919
919 1740
1740 2323
2323 976
976 2285
2285 2230
2230 2465
2465 492
492 1808
1808 918
918 1832
1832 1884
1884 1721
1721 1333
1333 345
345 1597
1597 779
779 2281
2281 1107
1107 1894
1894 2356
2356 2321
2321 112
112 846
846 27
27 935
935 1406
1406 1045
1045 50
50 321
321 2227
2227 1731
1731 2311
2311 1979
1979 1396
1396 261
261 233
233 149
149 1902
1902 1362
1362 1702
1702 947
947 133
133 1463
1463 452
452 909
909 730
730 44
44 2163
2163 1583
1583 1948
1948 1631
1631 1561
1561 928
928 2498
2498 2104
2104 1682
1682 2215
2215 851
851 1044
1044 1540
1540 1957
1957 1633
1633 2233
2233 1953
1953 2272
2272 144
144 1688
1688 2167
2167 1173
1173 1407
1407 179
179 1880
1880 1626
1626 1041
1041 512
512 1923
1923 68
68 299
299 2015
2015 570
570 2250
2250 350
350 698
698 1401
1401 264
264 1798
1798 722
722 46
46 1685
1685 1431
1431 1487
1487 2029
2029 1993
1993 199
199 1246
1246 283
283 1069
1069 396
396 1966
1966 1235
1235 2384
2384 1007
1007 1187
1187 1870
1870 1696
1696 257
257 2077
2077 574
574 1150
1150 661
661 834
834 766
766 412
412 2354
2354 1839
1839 2310
2310 453
453 958
958 239
239 956
956 588
588 78
78 1040
1040 1225
1225 737
737 1005
1005 1602
1602 2462
2462 2127
2127 9
9 153
153 166
166 324
324 1143
1143 184
184 1102
1102 1761
1761 1975
1975 501
501 1929
1929 1784
1784 2300
2300 440
440 1931
1931 1111
1111 120
120 1846
1846 2082
2082 1745
1745 915
915 1640
1640 87
87 944
944 2353
2353 1115
1115 1023
1023 2298
2298 2199
2199 2003
2003 2202
2202 191
191 2376
2376 1802
1802 554
554 66
66 961
961 1694
1694 1326
1326 18
18 1429
1429 1014
1014 2109
2109 2485
2485 2364
2364 1639
1639 1695
1695 2408
2408 419
419 2471
2471 906
906 1281
1281 950
950 1653
1653 2064
2064 773
773 1955
1955 1188
1188 1673
1673 1697
1697 2037
2037 1845
1845 1984
1984 1478
1478 1193
1193 1200
1200 1605
1605 2329
2329 877
877 2424
2424 1043
1043 1002
1002 1686
1686 1072
1072 1074
1074 2182
2182 2243
2243 1276
1276 2280
2280 1664
1664 808
808 2103
2103 1379
1379 560
560 1140
1140 232
232 1369
1369 2314
2314 2290
2290 2186
2186 1521
1521 701
701 693
693 1239
1239 1618
1618 2049
2049 1059
1059 21
21 970
970 1577
1577 1536
1536 646
646 513
513 287
287 518
518 1216
1216 810
810 694
694 276
276 1601
1601 573
573 1912
1912 404
404 1533
1533 222
222 1742
1742 301
301 1305
1305 330
330 2340
2340 2432
2432 2412
2412 1976
1976 1522
1522 274
274 163
163 1083
1083 801
801 2041
2041 2005
2005 952
952 1768
1768 1398
1398 2287
2287 1490
1490 421
421 369
369 116
116 602
602 2226
2226 1804
1804 1112
1112 1735
1735 2078
2078 917
917 2248
2248 880
880 1559
1559 1560
1560 322
322 1418
1418 504
504 670
670 896
896 169
169 1825
1825 1843
1843 671
671 997
997 857
857 1433
1433 2024
2024 973
973 1963
1963 948
948 211
211 64
64 420
420 136
136 1811
1811 1302
1302 1503
1503 2430
2430 2369
2369 2304
2304 5
5 2386
2386 2111
2111 1557
1557 1857
1857 1445
1445 1171
1171 2020
2020 1300
1300 1172
1172 783
783 1645
1645 2268
2268 1892
1892 34
34 1985
1985 1261
1261 2359
2359 688
688 539
539 414
414 484
484 2237
2237 2156
2156 2128
2128 1860
1860 1424
1424 1347
1347 913
913 2497
2497 729
729 413
413 2238
2238 540
540 716
716 259
259 962
962 2303
2303 1057
1057 389
389 150
150 1222
1222 1374
1374 325
325 354
354 2229
2229 425
425 599
599 1159
1159 1642
1642 1298
1298 2075
2075 825
825 938
938 855
855 1060
1060 2271
2271 245
245 495
495 2166
2166 1198
1198 1654
1654 197
197 423
423 1795
1795 392
392 1091
1091 1981
1981 248
248 2181
2181 1968
1968 1952
1952 343
343 474
474 1946
1946 726
726 673
673 448
448 430
430 747
747 493
493 1460
1460 1759
1759 1399
1399 1715
1715 195
195 387
387 1151
1151 1833
1833 118
118 2495
2495 1260
1260 1527
1527 1637
1637 802
802 267
267 51
51 2429
2429 1990
1990 2442
2442 2046
2046 1358
1358 829
829 1153
1153 2087
2087 36
36 960
960 316
316 1368
1368 207
207 390
390 472
472 1932
1932 1264
1264 933
933 1930
1930 1518
1518 1280
1280 1543
1543 781
781 2098
2098 2108
2108 1452
1452 2436
2436 53
53 1810
1810 1647
1647 2117
2117 1641
1641 1046
1046 719
719 2216
2216 866
866 621
621 2057
2057 142
142 1607
1607 2467
2467 480
480 2242
2242 198
198 578
578 1504
1504 346
346 1318
1318 1291
1291 1042
1042 327
327 1898
1898 1743
1743 1237
1237 2305
2305 898
898 115
115 2294
2294 43
43 1996
1996 210
210 1465
1465 1327
1327 216
216 2252
2252 237
237 1554
1554 812
812 2245
2245 240
240 1799
1799 925
925 1831
1831 1723
1723 2158
2158 2406
2406 107
107 2440
2440 2136
2136 636
636 294
294 1667
1667 2032
2032 2320
2320 2194
2194 702
702 733
733 959
959 394
394 75
75 1595
1595 806
806 1147
1147 556
556 426
426 2449
2449 1303
1303 2094
2094 60
60 1078
1078 2444
2444 930
930 2051
2051 1824
1824 2470
2470 1938
1938 2433
2433 1726
1726 1485
1485 1086
1086 815
815 1077
1077 1397
1397 908
908 1925
1925 2140
2140 1415
1415 193
193 1648
1648 1114
1114 2083
2083 1093
1093 1687
1687 1677
1677 882
882 494
494 1331
1331 1335
1335 1367
1367 1713
1713 1526
1526 666
666 761
761 438
438 2308
2308 2133
2133 954
954 1523
1523 100
100 61
61 1752
1752 2028
2028 443
443 498
498 111
111 15
15 8
8 2147
2147 655
655 1461
1461 2264
2264 836
836 993
993 623
623 1049
1049 1575
1575 2409
2409 845
845 1511
1511 320
320 1056
1056 196
196 192
192 364
364 1872
1872 914
914 1741
1741 1090
1090 1656
1656 2155
2155 229
229 523
523 1404
1404 1945
1945 2383
2383 331
331 1658
1658 2360
2360 1764
1764 926
926 441
441 223
223 1120
1120 2489
2489 80
80 1113
1113 817
817 1122
1122 2161
2161 157
157 2375
2375 2148
2148 1207
1207 1201
1201 1388
1388 920
920 892
892 627
627 312
312 2197
2197 1750
1750 1612
1612 2019
2019 2007
2007 318
318 769
769 2050
2050 1763
1763 382
382 2334
2334 1050
1050 1805
1805 998
998 1951
1951 254
254 71
71 987
987 1417
1417 122
122 1350
1350 1760
1760 2466
2466 1312
1312 1539
1539 1126
1126 2389
2389 1769
1769 183
183 2153
2153 4
4 1137
1137 485
485 2062
2062 2210
2210 486
486 208
208 1066
1066 1064
1064 579
579 1340
1340 410
410 690
690 585
585 250
250 2004
2004 1070
1070 1128
1128 787
787 1744
1744 1800
1800 2487
2487 2431
2431 2370
2370 1
1 2438
2438 2255
2255 181
181 2228
2228 1489
1489 72
72 288
288 1689
1689 2317
2317 532
532 1621
1621 95
95 966
966 1411
1411 1408
1408 544
544 1160
1160 1848
1848 1283
1283 842
842 1033
1033 1737
1737 1861
1861 1729
1729 823
823 2385
2385 590
590 1581
1581 461
461 1869
1869 1666
1666 55
55 2292
2292 186
186 1381
1381 2445
2445 1507
1507 20
20 2232
2232 1545
1545 1567
1567 564
564 1755
1755 547
547 1563
1563 2342
2342 1520
1520 1052
1052 2388
2388 433
433 910
910 1509
1509 1889
1889 1515
1515 868
868 463
463 2313
2313 1301
1301 816
816 2151
2151 1430
1430 1947
1947 1068
1068 336
336 355
355 104
104 2347
2347 1139
1139 784
784 1116
1116 277
277 1191
1191 2096
2096 1127
1127 1081
1081 1240
1240 1590
1590 1596
1596 1796
1796 653
653 1982
1982 2372
2372 692
692 790
790 378
378 1231
1231 1309
1309 1435
1435 963
963 1412
1412 675
675 1210
1210 2201
2201 306
306 152
152 2344
2344 1977
1977 1497
1497 1537
1537 1584
1584 612
612 1983
1983 822
822 1920
1920 90
90 151
151 56
56 1579
1579 528
528 2499
2499 2260
2260 447
447 1392
1392 2134
2134 587
587 2106
2106 796
796 788
788 575
575 1718
1718 49
49 1727
1727 1820
1820 1668
1668 819
819 1324
1324 1790
1790 990
990 706
706 2315
2315 2066
2066 1004
1004 1025
1025 11
11 234
234 709
709 1888
1888 2460
2460 99
99 1994
1994 1818
1818 366
366 1770
1770 1047
1047 1242
1242 1753
1753 765
765 1886
1886 446
446 1643
1643 631
631 1610
1610 303
303 2053
2053 2212
2212 1661
1661 280
280 1978
1978 215
215 2038
2038 194
194 2114
2114 1792
1792 1609
1609 1121
1121 904
904 374
374 2451
2451 359
359 1423
1423 1706
1706 342
342 386
386 1850
1850 2341
2341 1481
1481 1588
1588 1907
1907 995
995 58
58 1599
1599 1693
1693 1054
1054 1885
1885 326
326 1432
1432 1292
1292 678
678 74
74 1917
1917 2289
2289 630
630 1569
1569 1903
1903 285
285 1313
1313 2012
2012 865
865 1935
1935 1382
1382 1135
1135 1855
1855 2193
2193 881
881 2120
2120 1220
1220 1447
1447 986
986 2256
2256 1250
1250 991
991 1900
1900 546
546 1338
1338 744
744 2207
2207 2322
2322 2223
2223 1425
1425 687
687 887
887 1268
1268 624
624 1652
1652 893
893 2115
2115 1476
1476 708
708 1405
1405 577
577 2387
2387 2059
2059 33
33 964
964 548
548 1875
1875 1334
1334 270
270 2261
2261 1009
1009 292
292 1879
1879 1262
1262 879
879 1775
1775 886
886 1512
1512 2235
2235 1373
1373 755
755 2198
2198 1337
1337 1732
1732 683
683 1711
1711 1622
1622 171
171 1827
1827 862
862 2394
2394 439
439 2380
2380 2247
2247 838
838 1304
1304 2043
2043 725
725 1167
1167 1376
1376 1934
1934 2477
2477 628
628 1856
1856 1838
1838 2185
2185 398
398 1663
1663 777
777 503
503 97
97 1803
1803 282
282 2276
2276 2112
2112 803
803 2349
2349 352
352 1273
1273 1076
1076 809
809 2336
2336 589
589 1919
1919 2100
2100 114
114 1565
1565 614
614 1142
1142 1552
1552 742
742 971
971 189
189 1762
1762 102
102 844
844 1606
1606 2414
2414 1393
1393 2496
2496 1099
1099 1130
1130 789
789 365
365 2306
2306 807
807 2464
2464 637
637 667
667 768
768 1232
1232 81
81 460
460 2455
2455 1816
1816 2192
2192 785
785 1385
1385 2070
2070 1363
1363 1453
1453 767
767 1874
1874 2034
2034 2297
2297 1914
1914 16
16 929
929 639
639 931
931 1365
1365 2144
2144 2089
2089 190
190 1421
1421 606
606 748
748 1944
1944 1700
1700 751
751 286
286 1375
1375 2381
2381 983
983 2073
2073 762
762 841
841 1289
1289 2091
2091 1211
1211 1400
1400 1101
1101 1080
1080 164
164 1717
1717 289
289 293
293 2484
2484 1909
1909 1426
1426 2417
2417 848
848 1747
1747 140
140 458
458 178
178 1649
1649 1197
1197 19
19 1863
1863 200
200 626
626 2086
2086 1776
1776 12
12 502
502 1974
1974 1910
1910 1519
1519 643
643 1915
1915 2177
2177 407
407 313
313 821
821 1466
1466 265
265 685
685 2423
2423 586
586 1184
1184 1157
1157 2122
2122 695
695 204
204 1593
1593 1630
1630 1852
1852 367
367 859
859 405
405 2080
2080 1349
1349 945
945 894
894 1670
1670 2400
2400 1995
1995 525
525 1611
1611 814
814 2415
2415 2253
2253 1284
1284 226
226 2263
2263 3
3 1229
1229 1013
1013 2459
2459 105
105 1332
1332 473
473 1882
1882 1893
1893 593
593 2189
2189 1286
1286 2421
2421 1862
1862 1826
1826 657
657 977
977 2411
2411 1625
1625 757
757 1133
1133 689
689 1477
1477 565
565 393
393 1550
1550 1458
1458 2026
2026 236
236 907
907 2061
2061 651
651 2039
2039 1000
1000 714
714 59
59 297
297 635
635 2150
2150 2017
2017 1684
1684 482
482 459
459 1644
1644 1899
1899 1867
1867 1506
1506 219
219 1964
1964 2295
2295 2339
2339 878
878 2352
2352 1665
1665 850
850 1908
1908 871
871 753
753 2056
2056 329
329 658
658 138
138 108
108 792
792 1853
1853 1840
1840 1355
1355 1451
1451 456
456 2379
2379 1617
1617 91
91 454
454 610
610 1214
1214 284
284 376
376 2435
2435 383
383 1830
1830 1457
1457 1124
1124 2214
2214 876
876 247
247 1954
1954 1316
1316 1823
1823 1402
1402 2217
2217 1244
1244 652
652 1371
1371 924
924 985
985 1464
1464 1603
1603 1815
1815 1028
1028 1530
1530 1196
1196 968
968 1450
1450 1598
1598 1174
1174 1370
1370 1394
1394 1123
1123 2468
2468 1988
1988 506
506 1842
1842 2258
2258 927
927 885
885 732
732 1308
1308 1098
1098 1926
1926 514
514 988
988 2205
2205 2463
2463 1719
1719 1117
1117 158
158 1896
1896 2284
2284 351
351 571
571 135
135 1018
1018 679
679 873
873 2171
2171 1837
1837 1311
1311 1079
1079 256
256 478
478 1217
1217 273
273 1500
1500 883
883 470
470 608
608 2011
2011 677
677 205
205 2165
2165 902
902 123
123 1037
1037 1082
1082 332
332 475
475 417
417 1906
1906 1165
1165 1144
1144 1219
1219 2139
2139 1678
1678 431
431 2277
2277 2160
2160 238
238 760
760 545
545 974
974 2420
2420 437
437 840
840 2040
2040 555
555 1771
1771 255
255 1444
1444 1854
1854 217
217 212
212 141
141 2307
2307 1341
1341 2088
2088 1604
1604 543
543 2443
2443 1377
1377 1075
1075 1179
1179 549
549 213
213 2302
2302 268
268 1257
1257 1163
1163 759
759 2480
2480 2265
2265 1510
1510 1455
1455 2377
2377 1058
1058 1690
1690 550
550 2257
2257 22
22 2116
2116 1420
1420 1586
1586 965
965 1495
1495 1228
1228 471
471 310
310 1177
1177 1793
1793 98
98 174
174 86
86 252
252 1714
1714 597
597 870
870 2102
2102 1162
1162 1813
1813 1132
1132 949
949 83
83 172
172 1570
1570 1036
1036 2273
2273 391
391 1728
1728 1293
1293 1192
1192 1791
1791 1138
1138 713
713 1442
1442 943
943 1698
1698 311
311 1623
1623 1263
1263 1354
1354 1195
1195 2236
2236 2006
2006 2183
2183 455
455 1180
1180 1722
1722 2129
2129 869
869 1419
1419 462
462 967
967 839
839 1494
1494 54
54 402
402 980
980 2316
2316 595
595 2348
2348 1227
1227 249
249 1323
1323 1307
1307 220
220 1965
1965 1962
1962 1613
1613 1484
1484 804
804 1315
1315 278
278 1255
1255 583
583 1555
1555 1345
1345 314
314 1913
1913 1961
1961 889
889 388
388 119
119 2074
2074 2318
2318 496
496 170
170 2450
2450 1287
1287 1249
1249 551
551 67
67 2225
2225 1901
1901 890
890 1279
1279 1499
1499 1088
1088 1970
1970 1085
1085 2240
2240 262
262 2246
2246 1608
1608 399
399 1883
1883 905
905 295
295 522
522 2373
2373 1020
1020 664
664 1780
1780 147
147 1221
1221 1958
1958 826
826 356
356 2055
2055 2084
2084 795
795 370
370 1223
1223 1532
1532 552
552 697
697 572
572 1215
1215 1797
1797 409
409 1108
1108 604
604 715
715 2296
2296 884
884 1065
1065 2479
2479 2357
2357 2266
2266 363
363 1446
1446 2065
2065 863
863 1725
1725 648
648 558
558 1032
1032 168
168 1939
1939 901
901 230
230 1716
1716 1479
1479 1062
1062 1016
1016 1152
1152 1474
1474 2419
2419 2159
2159 1202
1202 2275
2275 1384
1384 2170
2170 2249
2249 77
77 1736
1736 279
279 1628
1628 1322
1322 2130
2130 1409
1409 1053
1053 2152
2152 26
26 335
335 1277
1277 381
381 728
728 1822
1822 2473
2473 337
337 1482
1482 1849
1849 2219
2219 1136
1136 1574
1574 831
831 1638
1638 2428
2428 93
93 2138
2138 1538
1538 1480
1480 442
442 1346
1346 2312
2312 2365
2365 271
271 911
911 899
899 1266
1266 640
640 559
559 2178
2178 830
830 727
727 384
384 241
241 681
681 934
934 209
209 916
916 2350
2350 1528
1528 782
782 1676
1676 187
187 580
580 508
508 2113
2113 489
489 65
65 2076
2076 835
835 2123
2123 743
743 1549
1549 2481
2481 2326
2326 740
740 2126
2126 791
791 557
557 1356
1356 736
736 613
613 786
786 109
109 1387
1387 1546
1546 422
422 603
603 162
162 1386
1386 1738
1738 2208
2208 2267
2267 2009
2009 24
24 2472
2472 2286
2286 1372
1372 89
89 2486
2486 1021
1021 1999
1999 647
647 28
28 2422
2422 2283
2283 253
253 1566
1566 130
130 1513
1513 2118
2118 1475
1475 1440
1440 2145
2145 1391
1391 596
596 2125
2125 1329
1329 2288
2288 132
132 1788
1788 989
989 517
517 2001
2001 638
638 101
101 1071
1071 1987
1987 444
444 2441
2441 1501
1501 1710
1710 1517
1517 69
69 625
625 154
154 1704
1704 1972
1972 1997
1997 2330
2330 754
754 47
47 644
644 2378
2378 2081
2081 749
749 2278
2278 607
607 771
771 774
774 1204
1204 1410
1410 76
76 1441
1441 745
745 979
979 302
302 1493
1493 32
32 1534
1534 1786
1786 562
562 632
632 2259
2259 397
397 23
23 531
531 2291
2291 1095
1095 1924
1924 2482
2482 1547
1547 1462
1462 1779
1779 900
900 1443
1443 1525
1525 2097
2097 377
377 1785
1785 2035
2035 1118
1118 1890
1890 1773
1773 260
260 2072
2072 500
500 1556
1556 1084
1084 1819
1819 939
939 465
465 507
507 660
660 563
563 1061
1061 1008
1008 510
510 2404
2404 1851
1851 2033
2033 1809
1809 2016
2016 1321
1321 1844
1844 2204
2204 2168
2168 1646
1646 2175
2175 175
175 1814
1814 2092
2092 497
497 450
450 371
371 1817
1817 368
368 10
10 1535
1535 921
921 1887
1887 2457
2457 609
609 2068
2068 542
542 734
734 1496
1496 888
888 738
738 31
31 1252
1252 275
275 1285
1285 828
828 1149
1149 1360
1360 982
982 42
42 641
641 1029
1029 1156
1156 2224
2224 1011
1011 375
375 445
445 290
290 2425
2425 1241
1241 1017
1017 629
629 1548
1548 1683
1683 1170
1170 2279
2279 1226
1226 227
227 2013
2013 746
746 723
723 566
566 1514
1514 1766
1766 1299
1299 1380
1380 1038
1038 2164
2164 418
418 509
509 2222
2222 2333
2333 600
600 669
669 1950
1950 266
266 2337
2337 82
82 1756
1756 860
860 1253
1253 180
180 1073
1073 1436
1436 1911
1911 2052
2052 1502
1502 519
519 408
408 1269
1269 717
717 173
173 1203
1203 665
665 633
633 849
849 2132
2132 2488
2488 972
972 1067
1067 2309
2309 1959
1959 1498
1498 348
348 2187
2187 521
521 957
957 953
953 339
339 358
358 1310
1310 1212
1212 281
281 476
476 923
923 2220
2220 1055
1055 6
6 1772
1772 2090
2090 515
515 2047
2047 1576
1576 1572
1572 214
214 520
520 1448
1448 2492
2492 1206
1206 202
202 1343
1343 406
406 867
867 1087
1087 1422
1422 435
435 978
978 1905
1905 1224
1224 1351
1351 594
594 428
428 1182
1182 188
188 1949
1949 592
592 483
483 2071
2071 2002
2002 88
88 1897
1897 2476
2476 1097
1097 1403
1403 955
955 1100
1100 1895
1895 1319
1319 1414
1414 2107
2107 1635
1635 372
372 146
146 2251
2251 2328
2328 1175
1175 1789
1789 650
650 129
129 2491
2491 1871
1871 1969
1969 820
820 304
304 2018
2018 1306
1306 468
468 360
360 922
922 2262
2262 772
772 2325
2325 2213
2213 1708
1708 1829
1829 2327
2327 1655
1655 1471
1471 1858
1858 2060
2060 1927
1927 798
798 1943
1943 605
605 1103
1103 536
536 1835
1835 1778
1778 1921
1921 672
672 858
858 1777
1777 159
159 449
449 969
969 684
684 1428
1428 981
981 427
427 1751
1751 1148
1148 797
797 1553
1553 341
341 1483
1483 2301
2301 2042
2042 1161
1161 231
231 1928
1928 584
584 38
38 1272
1272 620
620 2335
2335 2085
2085 1208
1208 1256
1256 160
160 2401
2401 2184
2184 2274
2274 1248
1248 776
776 811
811 516
516 2218
2218 1757
1757 1437
1437 2418
2418 1739
1739 763
763 1131
1131 852
852 1812
1812 1254
1254 1109
1109 2397
2397 2355
2355 349
349 2141
2141 1801
1801 2121
2121 466
466 937
937 1558
1558 1632
1632 1155
1155 308
308 323
323 1339
1339 2361
2361 674
674 1868
1868 182
182 2030
2030 992
992 2162
2162 1542
1542 1531
1531 505
505 1233
1233 1003
1003 2427
2427 2319
2319 94
94 2474
2474 1675
1675 2282
2282 1765
1765 718
718 30
30 1680
1680 1841
1841 1278
1278 85
85 2241
2241 1134
1134 1015
1015 298
298 2363
2363 14
14 2405
2405 1491
1491 1578
1578 165
165 1699
1699 1942
1942 581
581 2023
2023 731
731 1275
1275 735
735 127
127 379
379 296
296 1271
1271 340
340 243
243 1807
1807 567
567 533
533 951
951 824
824 1352
1352 524
524 569
569 1781
1781 1922
1922 1104
1104 975
975 52
52 1296
1296 1395
1395 1001
1001 235
235 576
576 1847
1847 344
344 1580
1580 263
263 481
481 942
942 353
353 1672
1672 37
37 2426
2426 2439
2439 84
84 40
40 1348
1348 561
561 843
843 218
218 2008
2008 357
357 752
752 1529
1529 1416
1416 319
319 1703
1703 2448
2448 941
941 1669
1669 1185
1185 680
680 244
244 1980
1980 686
686 1189
1189 242
242 699
699 7
7 490
490 48
48 619
619 1691
1691 2105
2105 847
847 145
145 1541
1541 63
63 2149
2149 1317
1317 206
206 2234
2234 1010
1010 1712
1712 1551
1551 541
541 1627
1627 2045
2045 1941
1941 1587
1587 1508
1508 1650
1650 800
800 1881
1881 1594
1594 203
203 854
854 2362
2362 1353
1353 424
424 467
467 1438
1438 469
469 487
487 2399
2399 128
128 705
705 2244
2244 1991
1991 534
534 385
385 57
57 582
582 1806
1806 2179
2179 1238
1238 775
775 1026
1026 1389
1389 2367
2367 1129
1129 2067
2067 700
700 662
662 1967
1967 1094
1094 2195
2195 113
113 1998
1998 2021
2021 2452
2452 338
338 2191
2191 161
161 875
875 2069
2069 724
724 535
535 1048
1048 1624
1624 300
300 1190
1190 1585
1585 1660
1660 778
778 1265
1265 464
464 1234
1234 1876
1876 818
818 2135
2135 1592
1592 813
813 1971
1971 932
932 41
41 2
2 1456
1456 2299
2299 2036
2036 1141
1141 1205
1205 479
479 1616
1616 1470
1470 167
167 1178
1178 2044
2044 1787
1787 110
110 228
228 1236
1236 1427
1427 1828
1828 347
347 1176
1176 225
225 2180
2180 1027
1027 2331
2331 1267
1267 224
224 634
634 1413
1413 1986
1986 1651
1651 1891
1891 2475
2475 307
307 2099
2099 2345
2345 2478
2478 1544
1544 1836
1836 707
707 2124
2124 1620
1620 403
403 1746
1746 1459
1459 598
598 1024
1024 2203
2203 1361
1361 1314
1314 2483
2483 2458
2458 1636
1636 1320
1320 720
720 1006
1006 1615
1615 856
856 2395
2395 2494
2494 1344
1344 946
946 70
70 832
832 741
741 1724
1724 1936
1936 251
251 121
121 1247
1247 2095
2095 1865
1865 2391
2391 710
710 1295
1295 2368
2368 2101
2101 148
148 2142
2142 1105
1105 221
221 156
156 2447
2447 654
654 1119
1119 2254
2254 2000
2000 139
139 2137
2137 897
897 1692
1692 1183
1183 2270
2270 1473
1473 1454
1454 201
201 1336
1336 617
617 477
477 1859
1859 1659
1659 794
794 2402
2402 526
526 2022
2022 853
853 1230
1230 537
537 2403
2403 1181
1181 1956
1956 488
488 668
668 2332
2332 258
258 1449
1449 1783
1783 1916
1916 1619
1619 2196
2196 538
538 1582
1582 25
25 2221
2221 1662
1662 1378
1378 2174
2174 833
833 682
682 106
106 1679
1679 1589
1589 1294
1294 1486
1486 1782
1782 126
126 874
874 861
861 2200
2200 1199
1199 1873
1873 2500
