2500
1339 1005
1339 1482
653 1482
1476 1482
594 1476
146 594
2263 1476
1476 1627
2139 1339
2139 898
813 898
813 693
898 351
421 351
1683 351
2466 351
2466 1286
2474 1286
2466 1444
351 647
305 647
1276 305
305 2305
305 212
1728 212
1728 1606
1606 1405
165 1606
1662 165
2280 1662
2280 1173
1576 1662
763 1662
891 1662
786 1662
1662 216
2054 216
216 1835
1835 1827
831 216
216 1439
216 610
610 2332
2332 72
72 1993
766 1993
72 636
636 57
470 636
366 470
1465 366
1465 268
268 387
237 387
1864 268
1694 1864
2065 1694
227 1694
1206 227
90 1206
90 1164
597 90
597 2377
1206 1094
1094 383
268 1273
268 2463
2463 2030
2066 2463
2066 190
1452 190
1452 1925
1925 1391
2463 690
690 1568
418 1568
690 1124
690 497
690 137
137 77
2094 77
77 1183
148 1183
552 1183
583 552
552 2045
827 2045
1789 827
1789 1268
1268 1677
47 1677
260 1677
297 260
1244 1677
1789 420
388 552
388 1866
371 1866
388 1137
213 388
1802 388
698 388
528 552
1143 1183
2277 1183
1396 2277
1396 771
1447 771
2209 1447
869 2209
800 869
869 2415
1933 869
625 1933
2181 625
625 838
625 2489
625 2105
1500 1933
182 1933
1916 182
1924 182
869 1623
869 630
1496 630
1496 1714
1667 630
869 2071
2071 1243
253 2071
1754 869
2209 2199
1410 2199
2007 1410
1587 2007
2209 1118
1447 1225
771 2469
2277 154
2277 727
727 2491
326 2491
863 727
2050 863
2277 1215
1882 1215
1626 2277
954 1626
2277 1030
1425 1030
1425 162
1425 1106
640 1106
45 640
1546 45
1556 1425
2379 1425
2379 1531
2277 1804
2277 2331
1146 2331
1705 1146
1705 1528
810 1528
810 145
145 1113
1146 2433
2433 37
1146 712
739 712
25 712
25 177
177 407
177 672
177 508
2289 712
2289 867
1539 867
1979 867
712 1961
1961 2420
947 2420
712 23
23 941
1942 712
712 788
788 737
1245 2331
2331 1042
1861 1042
1861 84
1616 77
1616 415
415 2393
415 509
377 509
2398 509
797 2398
141 797
199 141
2118 199
2118 1741
767 1741
1224 2118
1863 2118
558 1863
558 2250
2250 2160
2118 1716
199 28
2278 797
2278 798
2278 1491
2278 1228
2287 1228
2337 1228
1654 2398
1943 1654
2069 1943
2069 2188
1654 1171
1654 531
1654 1399
944 1654
2443 1654
1709 415
2323 1709
415 1338
567 137
567 618
618 1134
618 861
1603 618
137 437
437 2372
15 437
1341 137
137 1409
1842 137
100 1842
462 1842
462 667
1797 137
690 1104
2146 2463
268 2478
1984 2478
366 1437
366 703
1951 703
1265 703
304 1265
1578 304
1578 398
886 398
2119 1578
2119 706
2119 1381
1914 2119
2164 1914
2164 1684
1684 1255
1445 1684
1445 2350
1445 1166
1234 1166
1234 1355
1355 529
1445 2043
2034 1445
2164 900
900 795
795 345
345 1353
1353 464
1 464
374 464
1806 464
2281 1806
2281 938
1332 938
2228 1332
938 735
1594 735
1706 1594
686 1706
686 1258
1258 872
872 1154
551 872
1781 551
501 1594
501 1006
282 1006
282 2029
2431 282
2431 1939
282 1788
1788 2307
317 2307
1703 317
1227 1788
1227 2414
2414 1699
1699 2002
2002 1359
2002 880
2002 1657
1657 167
2456 167
902 167
167 1581
1581 1207
1207 1274
1274 1734
1274 431
431 480
431 363
2218 363
1432 1274
2383 1274
1274 475
301 1657
2002 675
675 1723
1227 1638
282 751
1012 751
751 1326
1006 2021
1006 1254
1612 1254
2129 501
115 501
115 995
501 681
681 220
735 587
2032 587
68 2032
1046 2032
2099 2032
2078 2099
787 2078
2099 1845
1266 1845
1845 2026
2026 1902
2168 1902
1902 2064
2439 2026
2439 1816
1101 1816
434 1101
2074 1101
1101 2391
2391 862
862 2088
2344 2088
2088 1080
2088 1172
1172 1108
222 1108
222 2380
410 222
627 410
1172 524
2088 930
2088 1035
172 1035
172 1893
2075 172
2075 660
2386 660
1856 2386
705 1856
2098 1856
862 20
20 2296
2296 1886
2026 1477
2026 975
975 416
416 1819
1819 303
764 303
764 839
811 839
2025 811
811 1746
975 217
2267 217
271 975
1695 271
2026 1904
2099 1589
2099 2081
2081 992
992 612
2483 2081
2483 1577
1577 241
468 1577
1277 1577
1503 1277
1277 573
573 1458
1277 1386
179 2483
2081 1483
564 1483
564 959
959 1915
1915 1300
1915 1784
2081 969
478 969
478 1508
2186 1508
969 2357
2357 1302
1020 1302
205 1020
2219 205
257 1020
1020 2404
1311 2404
1020 535
535 692
2424 535
1302 776
334 969
2032 149
1825 149
1825 1513
595 2281
1823 595
259 595
1806 1454
1806 1067
1067 2268
749 1067
602 464
215 602
2206 1353
1914 1692
1692 815
516 815
2013 815
2348 815
1826 2348
815 2192
2192 294
1692 1867
2453 1692
963 2453
1790 1692
1790 2319
1914 1062
1053 1062
958 1053
1745 1053
2059 1745
1053 1722
1729 2119
1729 1065
1651 1065
1403 1651
2001 1403
1562 1403
2353 1562
1729 907
1666 2119
2119 276
1297 276
2156 276
42 276
1352 276
1369 1352
276 395
1570 395
1708 1570
1708 1912
1185 1912
2056 1708
2056 499
605 499
1223 499
1831 1265
1831 1551
1290 1551
1290 43
30 43
506 1290
549 1265
1265 2015
1265 993
139 1265
176 139
2334 139
193 139
193 1974
1390 193
193 219
356 139
876 636
1622 876
1622 482
1622 333
824 876
824 1894
1894 2173
824 1524
1629 1524
476 1629
476 1449
916 1449
1560 916
476 2247
635 2247
1376 1629
1468 1376
319 1468
951 319
952 951
1141 952
1141 926
1141 796
1141 590
590 772
1413 1141
1413 591
952 384
952 406
1468 1323
770 1629
2040 770
1629 277
1629 1022
1022 950
1022 1430
789 1022
1022 989
629 1022
629 2306
1643 2306
1634 1643
1629 1618
2171 1618
1618 1892
1575 1892
460 1892
2012 460
1498 2012
2012 364
1892 743
700 1618
1629 1096
1524 2130
1397 2130
1580 1397
1580 1209
1209 1157
98 2130
790 98
790 2216
2216 397
397 360
360 760
760 1748
760 1404
1404 654
1443 1404
1404 1597
1404 1078
760 948
360 689
832 689
2448 360
988 397
1509 988
1918 988
1918 1512
1559 1512
343 1559
343 2017
755 343
1084 343
1875 343
246 343
545 1559
2039 1512
2232 2039
2107 2039
337 2107
279 337
1878 337
80 1512
80 857
340 988
2208 988
2208 1632
1632 835
1632 1112
991 397
65 991
229 991
785 229
229 1697
1697 2303
2303 677
677 617
822 677
822 2031
899 822
899 228
327 228
707 228
899 1660
1660 59
59 702
59 1895
1295 59
59 200
200 107
1021 107
107 1133
200 1250
102 200
1590 102
927 59
59 286
335 822
2151 335
924 1697
2061 1697
1336 2130
2130 451
451 2195
562 2195
2368 562
713 2368
2368 1803
1803 138
138 1591
2457 1591
2408 1803
1116 2368
1116 2416
1116 1658
1307 1658
1307 560
560 1161
1838 1161
1388 1838
1768 1838
2397 1161
2397 1024
2397 1190
850 1190
2360 850
1074 2360
850 2346
2346 2005
1093 850
1190 1519
1279 1519
1519 1614
1440 1614
1607 1440
1440 1947
1724 1614
424 1614
1132 424
424 56
2462 56
263 424
424 688
2276 1614
560 2231
110 1307
110 586
639 1658
639 1733
1733 1564
1733 1077
2080 1658
2080 194
533 2080
1940 533
2197 1658
2197 1367
1085 1367
160 1085
575 160
575 961
961 1818
1818 1992
961 1105
2136 1105
2082 2136
2180 2082
2180 2473
1517 961
2084 575
2084 893
1367 934
1367 2318
2318 1674
1367 1644
1644 1152
1152 1884
429 1152
1152 1968
1529 1968
1968 768
24 1644
24 1293
1293 367
109 367
837 109
479 837
620 1293
1293 433
433 964
964 684
1061 684
1056 684
1056 748
748 2023
1479 2023
2023 1213
2023 74
74 492
485 74
485 458
485 2091
2285 2091
912 2285
1480 2285
691 1480
315 1480
315 1609
1448 315
2091 1571
1571 840
607 485
485 1707
485 1064
1064 2321
1064 240
1064 2271
2062 485
1153 2062
1315 1153
1153 842
74 878
74 299
2392 74
730 2392
674 2023
887 748
887 156
2417 156
197 2417
156 1418
169 887
1056 1732
1267 1732
1732 744
744 2482
2482 1848
1212 1848
1848 1877
2482 1120
1817 1120
1732 1855
2252 1855
2252 266
111 2252
2252 555
555 803
803 1739
803 151
1655 803
803 1098
555 2275
1885 555
71 555
71 1090
2394 1090
588 2394
588 673
1285 588
1285 2490
1090 2046
973 2046
2325 973
973 306
973 622
2479 1855
2479 2115
1761 1855
1761 1149
1761 685
1761 1973
1973 1601
1601 670
670 230
812 670
670 2042
1041 1973
1761 285
285 2355
1148 285
2053 285
285 73
1456 285
802 1761
613 1761
903 1855
852 1855
1732 1109
1221 1109
1221 2063
365 1221
365 540
540 207
1270 207
1189 1270
1189 513
1270 38
38 2294
2294 89
89 1798
2255 1798
2255 1003
1269 89
1269 1514
1169 1514
982 1169
982 1917
1917 33
33 1615
576 1615
561 33
1850 561
609 1850
444 1850
1850 1126
1218 1126
2316 33
2316 1121
1121 1014
127 2316
1429 2316
1661 1429
1661 1680
1738 1917
1917 236
236 2441
2441 2493
2493 510
510 1368
2493 1582
1057 1582
1057 1932
543 1582
6 2441
1304 2441
251 1304
1169 1753
1753 49
49 1181
1181 1155
1155 1019
295 1019
894 1753
721 1514
1314 721
1269 318
174 318
663 89
663 2430
2190 2430
2436 2190
2190 19
570 19
570 1199
1592 1199
1592 2460
2460 1620
1385 2460
1385 1832
1832 2452
1585 1832
79 1585
1656 79
1656 289
289 1460
289 1710
537 1710
1710 1346
1710 710
2101 1585
2101 1619
1619 1967
1385 1163
1385 890
1385 252
775 2460
1261 2460
784 2460
1592 1434
2161 1592
1592 1402
1749 1592
1749 966
1749 1383
1592 1377
1199 1319
1669 1319
19 666
1808 666
1808 1179
373 1179
373 118
1808 256
256 1362
1808 1387
866 1808
1372 1808
466 1808
466 2116
1792 2116
2190 1879
663 2191
2092 2294
874 1270
66 1270
130 66
66 741
461 66
461 1962
976 1962
976 61
1472 66
278 1472
2213 278
1542 2213
1370 1542
2213 1876
1876 2390
2390 2240
2240 312
2240 101
101 2291
1136 2291
1136 1859
1859 1317
1859 78
931 1859
2240 1783
1158 1876
128 1876
128 2100
423 2100
1563 128
939 1563
1563 908
599 908
599 725
112 725
599 2486
599 2159
2159 1288
2159 568
566 908
1303 566
1303 1484
1303 370
158 370
1765 158
1765 2224
2224 2419
381 2419
2419 1889
2365 1889
1889 288
2419 1340
2419 1469
447 1469
1765 170
682 1303
682 717
717 1435
1435 1357
937 1357
882 937
481 1357
717 1935
1303 1901
855 1901
855 489
676 1303
566 2472
272 908
272 1283
34 1283
1283 1312
1312 1588
687 1588
2137 1588
1588 2155
807 1588
157 908
637 157
637 2320
2196 2320
1037 157
1037 1083
1083 2361
624 1083
1083 1931
1037 2028
2347 2028
908 117
117 1178
2387 2213
218 2387
1331 278
278 773
1515 278
2270 278
2229 2270
512 2270
1471 2270
2270 2371
2371 2288
2371 774
2270 2406
2270 569
2270 548
548 275
2270 1038
238 1038
36 278
1696 278
1008 1472
1472 2110
1836 1472
833 66
207 1450
244 1450
1450 2286
1711 1450
264 1711
264 2446
892 1711
2000 207
262 2000
2000 2230
650 365
650 2339
1219 365
2145 1219
1129 365
720 1129
578 720
578 2093
2410 578
2149 2410
1653 578
1130 1653
1130 440
440 55
440 1730
1946 1130
2310 1946
211 2310
2310 592
1946 1880
1130 783
783 826
783 1327
2038 783
2038 659
1516 659
1464 2038
357 783
1214 1130
1653 697
1903 1653
1903 1978
1903 2437
2427 1903
745 1903
754 745
754 2492
1230 2492
1230 711
711 1646
715 1646
616 715
1378 1646
1378 2477
556 2477
2477 1427
1427 11
1427 342
342 54
1566 1427
1566 909
1688 1427
1427 2324
2324 1004
2204 1004
2204 134
2204 2210
1128 2204
2451 1128
2204 1473
701 1004
2011 2324
1027 1230
1027 1675
1675 1899
1675 2297
534 2492
745 1055
1017 745
1872 1017
669 1872
1033 1872
1017 32
142 32
1487 142
1487 1400
32 1689
967 1689
847 967
967 1896
1235 967
1235 632
967 1950
967 2144
967 1246
1726 967
859 1726
559 859
2235 1017
1017 2495
2495 792
792 1180
1180 1956
1180 133
133 40
844 40
759 844
759 446
1180 1960
1416 1960
50 792
884 50
884 1374
884 1720
1720 2356
1533 1720
2341 1720
1371 1720
1371 2121
2121 1791
291 1371
29 291
1036 291
269 1036
1871 1371
1039 1720
1462 1039
1958 1462
1702 1720
1756 884
455 1756
1017 1996
1988 1017
493 1903
493 2068
648 1903
1237 1653
1237 1766
1766 191
191 1089
191 1092
2259 1092
2459 2259
1415 2259
87 1415
87 1009
1009 718
2265 718
718 1271
1271 1441
1441 1470
1470 21
1550 1441
1801 1271
1874 1271
1874 652
1874 1828
1663 1874
1874 2444
1611 1271
1489 1611
1271 379
379 2125
2125 1937
1937 1455
718 1025
1025 829
829 13
1457 1025
378 718
2014 378
378 1278
1278 1955
2301 378
2340 2301
2301 574
957 378
957 1998
1998 2036
1998 865
865 1176
41 378
718 9
9 1501
87 2153
1170 87
1107 1170
834 1107
2067 834
834 521
1287 87
308 87
87 1040
1216 1415
1092 2343
1451 1092
1092 258
1092 507
191 1251
1251 1645
1645 1000
1251 2222
1518 1251
1237 968
1237 628
628 719
1453 719
1971 719
2154 1971
1309 2154
1971 881
719 1593
1593 44
1337 628
628 1299
355 628
355 1687
235 355
96 235
96 1520
720 2077
1129 354
734 354
1945 1109
1109 2097
1732 293
2227 293
490 293
490 2484
459 2484
459 1220
2484 504
504 631
2484 502
502 1043
2484 22
1561 22
1755 1561
1561 979
126 1561
2073 126
126 816
126 52
52 438
752 438
438 1605
1763 52
646 1561
22 1222
1222 484
484 2290
997 484
614 484
1195 22
2158 22
1807 22
2246 1807
2246 1888
1807 35
845 1807
302 845
2342 845
845 425
1782 425
1782 1175
1523 1175
1523 1829
1862 1523
1175 1282
1175 2122
665 2122
665 1853
665 2488
2388 2122
2175 2388
226 2175
226 494
1944 494
95 1944
1944 601
1944 1584
1944 1446
699 1944
2309 699
2309 361
1770 2309
1079 2388
1329 2388
1526 2388
153 2122
2122 2214
563 2122
1384 563
563 2123
1869 563
1869 987
1191 987
389 1191
1191 1922
820 1922
1191 2147
2244 563
563 474
474 1032
1406 1032
1406 619
1598 619
994 619
619 1910
818 619
546 818
486 818
486 1847
818 2464
2464 81
81 1758
292 81
48 292
81 571
2464 1310
2464 1313
2103 1313
175 2103
175 2432
2464 1031
427 1031
427 1010
2079 427
344 427
344 362
990 362
1757 990
427 135
2464 962
818 996
818 2376
2376 655
619 1007
1406 769
769 925
769 184
2359 184
1690 2359
1929 2359
2220 2359
1934 2359
2359 1407
261 1407
1718 1407
769 2449
2449 1505
1110 1505
300 1110
1505 1242
645 2449
550 645
358 550
358 1069
550 441
550 2362
1613 645
1393 1613
83 769
1822 83
1822 1522
769 1018
596 1018
596 296
2141 769
1712 2141
769 1725
1600 1725
1493 769
1837 474
600 1837
1049 474
542 563
1779 542
848 1779
1865 1779
1865 164
1200 542
2298 1200
1461 2298
563 1795
2019 1795
1795 572
846 1795
846 452
2052 452
1909 2052
1909 918
918 186
1467 186
1467 380
380 2374
380 1737
1467 339
339 1343
339 1294
1294 2138
2138 1665
1665 2182
192 1665
1544 192
192 2120
1015 2120
1015 465
1475 2120
2120 104
1742 104
1854 1742
104 2238
348 104
348 626
2148 104
1442 2120
1442 233
2120 2172
2172 539
449 539
2172 1123
933 2120
2120 1334
369 2120
369 1051
369 1721
192 1727
2049 192
2049 1139
1139 280
1201 1665
1665 2086
2086 1691
1691 793
1210 1691
1284 1210
1210 136
2249 1210
2249 1873
311 1873
1637 1873
1637 1087
1977 1087
1087 401
1210 757
757 1625
1625 386
386 181
1625 1075
1375 1625
1229 1210
965 1229
1428 965
680 1665
680 2223
2138 1138
2138 808
808 977
808 2358
644 1294
1870 1294
1778 1870
1778 403
403 2405
579 403
2338 1778
2403 2338
2338 10
1196 339
186 2327
2052 1794
2128 1794
2128 2311
1280 2311
2311 1981
1981 125
1981 2096
799 2311
2311 1380
2480 1380
2124 2480
2480 2366
1897 2480
331 2311
331 491
1167 491
726 331
726 2185
726 1913
1913 515
1913 2251
2102 726
411 2102
411 1264
1264 1630
1630 1834
1834 1602
1602 849
2423 1264
436 1264
349 436
1264 469
469 85
1921 469
2113 1921
2248 469
2454 411
411 2258
1160 2102
2102 851
331 1103
331 1392
1392 313
2048 313
1422 331
2128 2313
2313 2382
2382 108
1335 2382
517 1335
1617 2128
2485 2128
1621 2485
929 2485
1794 821
1002 1794
1002 761
1205 1794
503 1205
1502 1205
1502 419
234 1205
791 234
936 791
914 791
914 1414
914 1305
634 1305
1952 634
1952 2133
467 2133
347 467
63 1952
2442 63
63 1849
2058 1952
2058 496
1833 496
1521 496
231 1521
953 231
1070 1521
1070 1272
316 1272
1668 1070
250 1668
106 250
328 106
1537 328
1949 328
328 1900
1050 250
1070 2261
1673 2261
1610 2261
714 1610
2497 2261
1521 147
1436 147
147 782
147 1624
1521 392
1841 392
2085 1841
1841 1016
1016 870
393 870
131 870
870 1771
1771 1097
324 1097
1182 324
1565 1182
2434 324
2114 1771
1771 2322
2322 2470
2470 1260
435 1260
1260 2363
2363 2295
2363 641
196 2363
1986 1260
1986 2201
1771 980
980 883
883 314
314 1262
1347 1262
1347 1852
1852 152
206 1852
1545 1852
1262 39
39 2381
1990 2381
163 2381
314 1333
314 1194
541 883
409 541
409 1586
119 1586
119 2112
119 1525
119 1239
2037 1239
1239 972
972 1685
1204 1685
1034 1204
1034 1485
1485 70
1485 2189
1846 2189
1257 1846
1846 928
1846 94
2189 1474
1474 565
565 2127
2127 1459
1459 1345
854 1459
854 1633
1474 1911
1911 2076
2076 1534
1208 2076
1510 2189
1963 1485
2487 1963
309 1963
2349 1485
1034 2140
875 2140
1821 875
2438 1821
1165 2438
547 1821
875 949
875 1843
121 2140
2083 121
168 121
1494 168
1494 1202
696 1202
2109 1202
1735 2140
1558 1034
1034 1095
1095 1840
668 1840
668 860
860 1088
668 960
2455 960
8 2455
514 1840
1685 1982
942 1239
911 942
2055 911
1586 122
1586 144
897 144
144 92
2020 92
946 2020
1813 946
1759 1813
1759 2499
1759 1028
1028 404
621 404
621 1628
1628 2266
1786 1628
1786 140
140 1011
1786 1764
1786 402
554 402
651 554
651 888
201 651
201 750
1773 201
1773 1217
1365 201
201 1127
1492 402
1412 1786
412 1628
621 1364
621 970
1135 970
2292 1135
2106 2292
2106 978
2106 375
375 1248
889 375
922 889
889 828
375 352
1072 352
1820 375
2057 1820
742 2057
742 2233
2233 1174
1535 2233
2233 1919
1919 413
642 1919
1985 642
1919 932
1919 2425
2187 1919
2187 2335
2335 1420
1751 2335
1751 432
2335 221
2335 2018
17 2335
17 2221
1389 2221
1389 1554
1389 1736
2328 1736
2328 350
1168 2328
2328 2256
443 2256
2328 439
1076 1389
1389 756
2187 2440
2187 2354
2354 1423
2354 856
232 1919
1919 4
2468 2233
2233 1322
1001 1322
742 1099
1557 1099
1635 742
1635 1145
1635 2239
2239 2183
2183 105
2051 105
2051 1857
372 1857
473 372
2253 372
372 2111
1360 372
1151 1857
2273 105
105 1767
1767 1906
1830 1767
105 781
758 781
105 1772
105 2345
2345 2412
2003 2345
2003 321
86 2345
2345 2314
981 2314
353 981
1150 2314
1672 2314
105 1679
1679 2498
2239 2429
2239 2330
2239 1324
823 742
1068 823
1068 155
1068 1511
1511 1928
1511 180
1511 471
905 1511
905 1920
1920 1054
998 1920
998 1839
1839 1744
998 1604
1920 1047
532 1047
809 532
1047 1596
1047 3
1957 3
1957 1775
3 1236
1747 1236
2177 1236
2177 1964
1964 1147
385 1047
984 385
1421 984
1047 971
905 1358
1358 1774
1573 1511
1511 1052
2004 1052
445 2004
445 1131
1131 1192
1762 1192
868 1192
1499 1192
2165 1499
1499 82
329 1192
329 1506
329 500
1247 500
500 2163
171 500
274 500
274 2413
1395 1131
2131 1131
445 1659
1659 732
1350 732
1316 1350
1316 1787
1811 1316
794 1316
794 307
1999 1350
1490 1350
1350 656
1350 511
2089 511
2089 1809
1809 1292
346 1292
346 1905
346 2217
2217 242
2217 2174
2217 405
1719 1809
1719 906
2326 1511
843 1511
843 341
1511 2212
2242 823
2242 1325
1325 1700
2242 414
414 1976
2409 414
2409 2060
414 1676
448 2242
2445 448
2445 1938
1177 448
2458 2242
2458 2264
823 2198
608 2198
2198 1972
1059 1972
178 1972
178 518
178 1363
178 738
738 428
97 1972
2170 97
1972 1552
1552 2087
1972 2283
1760 1972
2364 1760
1760 1536
1536 2369
823 161
2057 1504
1820 536
1820 1785
970 1119
1426 621
1426 1965
463 1965
463 1308
1382 1308
1382 664
664 871
664 1579
2399 1579
426 2399
1114 1579
2435 1579
2435 2202
2241 2202
2202 638
2435 1975
1318 2435
505 1318
505 1463
1463 62
69 505
487 69
920 487
920 1686
1686 753
2225 1686
1318 553
1887 553
1426 2421
2035 621
621 1296
999 621
404 1530
2132 1759
806 2132
1342 806
1342 1186
2315 2132
683 2132
683 1987
1263 1987
747 683
1232 747
853 1232
919 853
919 2243
919 2411
2411 1824
527 2411
527 1045
527 51
527 724
2254 919
919 159
1117 919
765 919
765 1715
1488 765
765 390
390 1431
780 765
1060 780
454 1060
1060 1800
204 780
204 1567
2033 1567
1086 1567
183 765
1698 183
593 765
723 919
1232 53
12 53
2193 1232
747 2475
7 683
2132 523
1813 1989
1891 946
144 2126
298 1586
2496 298
1883 2496
1959 2496
1572 1959
1959 731
584 2496
298 76
2095 409
2095 1923
2104 1923
2104 2378
2378 2135
1647 2378
1647 841
1647 1198
2024 1647
1647 679
2041 679
2041 1058
2395 2041
2395 1226
704 1226
955 1226
223 2041
1970 2041
1970 214
1647 2184
585 1923
1923 1583
2095 1701
1366 1701
1994 1366
1994 658
1507 1366
1366 382
2299 1366
1543 2299
417 1366
1366 2008
1366 1954
1115 1954
1115 2245
1184 1954
391 1366
1366 913
913 2367
695 913
320 695
657 320
657 598
657 1486
1306 1486
1486 1731
320 2467
2260 2467
2260 910
910 46
2269 46
1538 46
2260 1203
2418 1203
2044 2418
2418 1111
1111 1991
1717 1111
1717 1125
2317 1111
649 2317
649 1495
2260 864
2211 864
1555 864
864 1048
1289 1048
1289 1941
1941 1907
1941 896
896 1193
1941 1071
1071 1608
1071 1259
1941 150
915 1941
1941 1249
1249 210
904 1249
904 245
1249 615
615 519
310 519
396 310
5 310
5 1408
1361 1408
60 1408
694 1408
1408 185
185 985
1356 985
1356 2401
1408 1433
1408 1373
1081 5
1081 2375
1478 310
615 88
88 225
225 26
2481 225
2481 1417
2481 2447
2481 557
557 1481
943 2481
2481 885
885 1636
1320 885
2481 1743
2481 1860
376 2481
2481 1814
1926 88
1908 695
623 695
224 695
322 224
956 322
956 408
1144 224
2194 1144
736 2194
736 2257
778 2194
1144 1497
1144 1348
1348 2389
2389 671
400 671
582 400
1670 582
1670 2236
589 2236
1670 1256
2302 1256
2302 777
2308 1256
544 1256
544 1091
2284 1091
1574 2284
67 2284
67 1066
805 1066
1411 67
2117 67
2117 825
31 67
31 99
2284 2009
359 2009
526 2009
526 525
2016 2009
2009 2426
2009 456
2167 544
1156 544
2070 1156
430 2070
430 209
430 1438
1073 1438
1713 1073
1713 188
1438 2274
2274 202
1682 202
986 1682
1438 746
1780 430
1953 2070
2070 604
265 604
1330 1156
1330 2010
1256 1704
1256 1648
901 1648
1890 901
338 1256
1379 338
338 520
520 1595
1595 399
399 611
611 16
520 1678
173 520
173 1419
1238 1419
273 1419
1419 2471
173 1401
836 1401
198 1401
2476 198
18 1401
18 442
442 1082
1082 1868
1082 716
716 368
18 422
239 422
239 804
708 422
708 895
895 2157
1599 895
1252 1599
2234 1599
1029 2234
483 1029
1401 2176
267 2176
2304 267
243 2304
267 91
1401 1188
249 1188
1401 1291
1750 1401
173 1549
1241 338
530 1256
1026 1256
1026 1969
1142 1969
1142 1966
1142 27
27 1532
1532 2351
1532 917
678 1532
1532 2226
2226 923
1631 2226
1631 1321
1321 983
1631 2428
2450 2428
580 2450
477 2450
477 873
166 477
1652 477
1652 1344
1344 2407
1344 1541
1541 93
2312 1541
2312 2152
2152 2142
1541 394
1233 394
1541 2203
1344 1927
1927 2237
116 2428
195 2428
2428 1664
814 1631
814 248
187 814
287 187
287 1844
187 779
779 1162
709 814
1980 709
709 113
1553 113
814 1815
1815 1740
814 945
662 814
1013 814
2006 814
129 2006
1231 2006
814 457
457 879
879 1466
1631 2162
27 2090
2090 1328
1328 2150
2150 1649
1969 1044
1044 332
2072 1026
1256 1211
498 1211
498 940
1211 2179
2179 1793
1639 1793
1793 661
2022 2179
2179 2384
132 2179
1776 1256
582 1548
858 582
1805 858
1301 858
1301 2370
2370 1642
1642 1930
1100 1930
1398 1930
1930 2461
2134 2461
801 2461
801 1569
1569 255
2215 255
1810 255
1810 1881
450 801
450 330
1140 801
2461 877
2461 1298
1159 1930
1930 1693
1693 124
1858 1693
58 1930
817 1642
817 581
921 581
921 1354
1354 2108
2108 1796
1796 2262
2373 2262
2262 114
538 114
114 729
1187 729
974 1187
1197 974
2500 1197
1122 2500
2500 203
577 203
1983 203
1983 208
254 1983
2282 1983
2422 1983
1650 203
1650 606
2385 606
284 606
1650 64
1394 64
2143 1394
633 2143
633 2336
2336 325
633 1812
1394 2300
290 1394
103 290
103 1240
1275 1240
1640 1240
1240 323
1063 1240
2 1240
103 1997
2352 1997
2329 290
189 290
143 189
143 247
722 189
722 643
495 643
643 819
2169 819
819 488
1777 189
1777 1948
935 189
290 2027
2027 2279
1752 290
762 1752
336 762
762 1351
1351 2396
762 1936
290 1851
2200 290
290 1253
733 1394
2293 733
120 733
2207 120
283 120
283 453
453 2166
453 123
2400 283
270 283
270 1023
120 1898
1650 1424
1102 1424
1102 1281
1281 1671
14 1281
1102 728
2333 1650
1650 2178
472 1187
1540 472
1540 75
75 1769
1769 740
75 1641
2262 1547
2047 2262
2047 1527
281 1527
281 1995
522 1995
603 281
603 2402
603 2494
2272 603
281 1799
830 1799
1681 921
1349 1681
1349 2465
2465 2205
